initial: 6
0.67895 0.10583 0.09998 0.11525 0.00000 0.00000

transition: 6
0.44811 0.44807 0.05870 0.00395 0.02115 0.02002
0.20525 0.59949 0.17363 0.01821 0.00156 0.00187
0.19034 0.08324 0.06987 0.63561 0.01470 0.00625
0.31383 0.09957 0.08518 0.40596 0.09283 0.00262
0.05476 0.01384 0.00035 0.00068 0.38379 0.54658
0.32358 0.02566 0.00049 0.00075 0.12406 0.52546

observation: 6
0.39522 0.45428 0.20770 0.02508 0.03170 0.01452
0.05963 0.20415 0.36373 0.00657 0.14320 0.06018
0.23356 0.07966 0.28398 0.11810 0.29623 0.12018
0.30055 0.25678 0.00292 0.00746 0.28973 0.09062
0.01104 0.00513 0.14167 0.84278 0.01416 0.05607
0.00000 0.00000 0.00000 0.00000 0.22497 0.65844
