initial: 6
0.48824 0.51170 0.00000 0.00006 0.00000 0.00000

transition: 6
0.19436 0.55457 0.03641 0.16975 0.03246 0.01244
0.03703 0.49223 0.20275 0.02957 0.07053 0.16789
0.13433 0.07864 0.10428 0.59522 0.08208 0.00545
0.01681 0.08388 0.03024 0.27083 0.52502 0.07322
0.00002 0.00830 0.00173 0.00002 0.52912 0.46082
0.78445 0.02960 0.00998 0.15310 0.02284 0.00003

observation: 6
0.00155 0.27282 0.02771 0.01028 0.30605 0.08423
0.07543 0.36519 0.05595 0.03377 0.00146 0.08375
0.43359 0.20236 0.29470 0.32220 0.31539 0.00055
0.48932 0.14509 0.27975 0.55256 0.00407 0.00003
0.00010 0.01454 0.34189 0.08118 0.01264 0.83143
0.00000 0.00000 0.00000 0.00000 0.36039 0.00000
