initial: 6
0.71400 0.00064 0.09202 0.19334 0.00000 0.00000

transition: 6
0.30280 0.00029 0.49716 0.00056 0.00000 0.19919
0.00061 0.20418 0.79460 0.00060 0.00000 0.00000
0.00005 0.50481 0.19990 0.29524 0.00000 0.00000
0.00028 0.21110 0.00002 0.59231 0.00000 0.19629
0.11856 0.00000 0.00000 0.00000 0.48551 0.39593
0.00007 0.40181 0.00000 0.00000 0.29555 0.30257

observation: 6
0.99811 0.51716 0.30920 0.10740 0.00013 0.10708
0.00189 0.00011 0.39307 0.09889 0.10338 0.09727
0.00000 0.00212 0.19734 0.79371 0.08974 0.30616
0.00000 0.48052 0.10036 0.00000 0.00300 0.39082
0.00000 0.00009 0.00003 0.00000 0.00148 0.09866
0.00000 0.00000 0.00000 0.00000 0.80227 0.00000
