initial: 6
0.88017 0.00000 0.00465 0.11517 0.00000 0.00000

transition: 6
0.45317 0.38955 0.08666 0.04791 0.00413 0.01857
0.28106 0.50158 0.18247 0.03157 0.00089 0.00243
0.24609 0.07602 0.18069 0.42259 0.00358 0.07103
0.16246 0.04330 0.05424 0.46978 0.04058 0.22965
0.16463 0.00367 0.00024 0.00057 0.67552 0.15538
0.46122 0.11231 0.00090 0.00007 0.27933 0.14616

observation: 6
0.63417 0.22277 0.11454 0.04554 0.03536 0.04804
0.09930 0.29814 0.24356 0.02465 0.11418 0.02629
0.10289 0.10308 0.61023 0.92326 0.16281 0.15085
0.16348 0.37600 0.03168 0.00644 0.07403 0.64280
0.00016 0.00001 0.00000 0.00011 0.03083 0.11710
0.00000 0.00000 0.00000 0.00000 0.58278 0.01492
