initial: 6
0.51234 0.48766 0.00000 0.00000 0.00000 0.00000

transition: 6
0.28686 0.51239 0.01348 0.18727 0.00000 0.00001
0.00020 0.50956 0.19696 0.00000 0.00000 0.29328
0.00280 0.00010 0.22390 0.77138 0.00000 0.00182
0.00007 0.00007 0.00263 0.25724 0.53247 0.20752
0.00000 0.00000 0.00000 0.00000 0.50384 0.49616
0.58811 0.00159 0.20542 0.20489 0.00000 0.00000

observation: 6
0.00626 0.31145 0.01339 0.13298 0.31981 0.10680
0.09885 0.38882 0.00000 0.09859 0.00000 0.09926
0.40248 0.19544 0.48317 0.28324 0.29390 0.00000
0.49240 0.10429 0.50270 0.38680 0.00000 0.00000
0.00000 0.00000 0.00074 0.09839 0.00000 0.79394
0.00000 0.00000 0.00000 0.00000 0.38628 0.00000
