initial: 6
0.71416 0.00240 0.09259 0.19085 0.00000 0.00000

transition: 6
0.29387 0.00752 0.50640 0.00033 0.19188 0.00000
0.19756 0.20629 0.59615 0.00001 0.00000 0.00000
0.00133 0.50275 0.19970 0.29617 0.00005 0.00000
0.00056 0.21024 0.00059 0.59194 0.19666 0.00000
0.00010 0.40224 0.00000 0.00000 0.29936 0.29830
0.12307 0.00000 0.00000 0.00000 0.39030 0.48663

observation: 6
0.70194 0.51861 0.31167 0.10926 0.10743 0.00027
0.00098 0.00045 0.39207 0.09862 0.09690 0.10216
0.29708 0.00023 0.19858 0.19453 0.29954 0.09222
0.00000 0.48071 0.09752 0.00000 0.39849 0.00060
0.00000 0.00000 0.00016 0.59759 0.09764 0.00268
0.00000 0.00000 0.00000 0.00000 0.00000 0.80207
