initial: 6
0.40657 0.03136 0.13821 0.16781 0.00141 0.25464

transition: 6
0.33425 0.55365 0.03631 0.00106 0.03947 0.03525
0.16182 0.62788 0.18776 0.02053 0.00033 0.00168
0.28909 0.07012 0.06967 0.53533 0.01207 0.02373
0.31734 0.09721 0.09006 0.42460 0.02576 0.04503
0.08354 0.06226 0.00038 0.00156 0.54818 0.30408
0.30600 0.07272 0.00028 0.00017 0.27097 0.34986

observation: 6
0.28793 0.51936 0.10612 0.04670 0.01676 0.05014
0.06878 0.17536 0.38251 0.00830 0.11021 0.05455
0.17040 0.11033 0.28732 0.13717 0.12075 0.32358
0.46568 0.19073 0.00335 0.00485 0.08439 0.22776
0.00717 0.00422 0.22071 0.80299 0.01528 0.08337
0.00004 0.00000 0.00000 0.00000 0.65261 0.26060
