initial: 6
0.00000 0.09617 0.09369 0.21537 0.00000 0.59477

transition: 6
0.20647 0.20311 0.59042 0.00000 0.00000 0.00000
0.01380 0.29014 0.51089 0.00033 0.00000 0.18484
0.50042 0.00541 0.19649 0.29768 0.00000 0.00000
0.20943 0.00201 0.00190 0.59270 0.00000 0.19395
0.00000 0.11524 0.00000 0.00000 0.48763 0.39713
0.40044 0.00000 0.00000 0.00000 0.29752 0.30204

observation: 6
0.51340 0.71251 0.31062 0.11014 0.00004 0.10660
0.00134 0.00091 0.39339 0.09812 0.10230 0.09597
0.00000 0.28597 0.19886 0.19423 0.09260 0.30055
0.48525 0.00061 0.09688 0.00000 0.00052 0.39721
0.00000 0.00000 0.00025 0.59751 0.00121 0.09966
0.00000 0.00000 0.00000 0.00000 0.80333 0.00000
